0.000000000000000000e+00
0.000000000000000000e+00
0.000000000000000000e+00
0.000000000000000000e+00
0.000000000000000000e+00
0.000000000000000000e+00
0.000000000000000000e+00
0.000000000000000000e+00
1.000000000000000000e+00
2.000000000000000000e+00
3.000000000000000000e+00
4.000000000000000000e+00
7.000000000000000000e+00
8.000000000000000000e+00
1.100000000000000000e+01
1.100000000000000000e+01
1.100000000000000000e+01
1.100000000000000000e+01
1.100000000000000000e+01
1.100000000000000000e+01
1.100000000000000000e+01
1.100000000000000000e+01
1.100000000000000000e+01
1.100000000000000000e+01
1.400000000000000000e+01
1.600000000000000000e+01
1.600000000000000000e+01
1.800000000000000000e+01
2.200000000000000000e+01
2.700000000000000000e+01
4.000000000000000000e+01
6.100000000000000000e+01
8.000000000000000000e+01
9.200000000000000000e+01
1.080000000000000000e+02
1.230000000000000000e+02
1.350000000000000000e+02
1.460000000000000000e+02
1.590000000000000000e+02
1.720000000000000000e+02
1.780000000000000000e+02
1.930000000000000000e+02
2.120000000000000000e+02
2.300000000000000000e+02
2.510000000000000000e+02
2.790000000000000000e+02
2.950000000000000000e+02
3.150000000000000000e+02
3.370000000000000000e+02
3.540000000000000000e+02
3.720000000000000000e+02
3.800000000000000000e+02
3.870000000000000000e+02
3.960000000000000000e+02
4.120000000000000000e+02
4.370000000000000000e+02
4.530000000000000000e+02
4.760000000000000000e+02
4.890000000000000000e+02
4.990000000000000000e+02
