5.390000000000000000e+04
5.390000000000000000e+04
5.390000000000000000e+04
5.390000000000000000e+04
5.390000000000000000e+04
5.390000000000000000e+04
5.390000000000000000e+04
5.390000000000000000e+04
5.389900000000000000e+04
5.389800000000000000e+04
5.389700000000000000e+04
5.389600000000000000e+04
5.389300000000000000e+04
5.389200000000000000e+04
5.388900000000000000e+04
5.388900000000000000e+04
5.388900000000000000e+04
5.388900000000000000e+04
5.388900000000000000e+04
5.388900000000000000e+04
5.388900000000000000e+04
5.388900000000000000e+04
5.388900000000000000e+04
5.388900000000000000e+04
5.388600000000000000e+04
5.388400000000000000e+04
5.388400000000000000e+04
5.388200000000000000e+04
5.387800000000000000e+04
5.387300000000000000e+04
5.386000000000000000e+04
5.383900000000000000e+04
5.382000000000000000e+04
5.380800000000000000e+04
5.379200000000000000e+04
5.377700000000000000e+04
5.376500000000000000e+04
5.375400000000000000e+04
5.374100000000000000e+04
5.372800000000000000e+04
5.372200000000000000e+04
5.370700000000000000e+04
5.368800000000000000e+04
5.367000000000000000e+04
5.364900000000000000e+04
5.362100000000000000e+04
5.360500000000000000e+04
5.358500000000000000e+04
5.356300000000000000e+04
5.354600000000000000e+04
5.352800000000000000e+04
5.352000000000000000e+04
5.351300000000000000e+04
5.350400000000000000e+04
5.348800000000000000e+04
5.346300000000000000e+04
5.344700000000000000e+04
5.342400000000000000e+04
5.341100000000000000e+04
5.340100000000000000e+04
